63744
62355
47520
79705
74537
7636
63700
1824
9517
31027
92053
46197
18822
16047
80253
49365
21744
19860
76187
16555
71661
40318
7551
9290
75260
37057
63562
77085
58582
76271
61254
96369
65073
5423
28566
49516
83263
93470
69149
64832
12094
75150
36547
77409
90596
87131
52634
59398
86891
97603
59629
43013
69447
71048
44029
10294
11348
15126
64807
97297
20832
33901
19967
2441
21245
63771
79359
9278
32832
4133
75118
36065
88135
79271
85229
99828
36560
59529
12370
18485
95133
47196
61318
39156
11417
27906
3081
988
94690
7679
5217
8366
35182
71674
77040
64541
80277
26560
85941
73239
22090
21580
11383
20227
43971
12635
21685
22718
10232
97583
34624
29388
72311
81383
61475
22353
37972
14742
68652
59387
57904
11327
53709
13306
98113
62764
34818
16088
81858
64799
9596
25288
43738
49801
57889
13687
6204
28909
75504
74554
75515
78390
95318
45677
19955
94202
40686
81221
20319
54196
84000
69773
77693
53673
97135
45005
83456
66698
11642
31666
28476
8465
95424
28602
26891
8180
60515
67163
2594
47442
77729
58348
25173
46230
71142
74414
81695
23154
2109
42217
73748
62049
35468
86407
67676
74255
2119
89557
62737
66287
62292
2238
65156
8804
88581
94572
62424
98514
24006
32072